24,1
24,3
280,35
10,188
10,66
10,148
10,145
10,193
10,25
10,277
10,285
11,16
11,4
11,5
11,29
11,10
8,8
8,7
8,6
8,15
270,3
270,2
270,1
270,0
20,3
20,2
20,1
19,3
19,2
19,1
18,3
18,1
14,3
14,1
13,3
13,1
12,3
12,2
12,1
11,25
11,24
11,19
11,13
11,11
11,8
11,7
11,3
11,2
11,1
10,289
10,258
10,214
10,113
10,103
10,102
10,97
10,86
10,3
10,2
10,1
9,7
9,6
9,4
9,3
9,2
9,1
8,18
8,16
8,14
8,13
8,12
8,9
8,3
8,2
8,1
3,3
3,2
3,1
2,3
2,2
2,1
0,0
280,34
280,33
280,32
280,31
280,30
280,29
280,28
280,27
280,26
280,25
280,24
280,23
280,22
280,21
280,20
280,19
280,18
280,17
280,16
280,15
280,14
